 np:           1 nt:           4  time:   5.59192800521851     
 np:           1 nt:           4  time:   5.73334002494812     
 np:           1 nt:           4  time:   5.51638603210449     
 np:           1 nt:           4  time:   5.82059502601624     
